488.0340606372965 527.5239377879399 202.06253943532948 297.2210107233055 184.05201657294455 
62.9659743273497 445.6806042115056 65.60347255730761 411.7090758978171 113.44512741251275 
499.4076423291129 454.7971837789422 215.72005405024836 475.3149960394894 509.9275458714881 
344.95813452359585 410.7860789012444 539.9064854627761 37.071041662610085 34.133269046945514 
499.17481964614643 293.4169800029182 406.8634225454175 211.41015752595746 464.5091799459054 
202.96892037150943 570.0777370200751 614.2829561258844 337.8582809297204 422.43168544487077 
437.38695551749015 78.82848932691482 182.22440097342587 501.60026044012983 612.2091523789651 
441.28612980676286 291.51973809851256 332.32466742091594 192.3391905248501 99.63510870717725 
350.12653226606756 215.18381442997895 461.460862946461 393.76338308584076 49.13457881340689 
480.2975737730566 241.6331165849269 112.82130446133326 205.34965689663926 45.87069657746732 
27.84412050625334 388.35428230785396 579.166694080564 48.06246802706775 375.72705874612103 
381.80786969165825 337.40152621526687 225.77581321506537 563.5311370424571 324.99929056232025 
57.17471164260058 493.95958367273937 99.44184029149038 422.1489029460005 116.94160308873766 
489.0177211045133 395.3440327633409 472.0655415579087 70.7618993575182 219.91916696823472 
478.12163839951444 419.07940842472607 151.90292041391643 308.60215631657394 559.5876943940291 
391.3162896312883 201.86991290896742 453.2667511273536 436.1386181985557 134.90673548985626 
470.95759844303905 298.14927389046306 239.22619952135437 302.7241834119496 486.4162224449581 
443.3724028018525 407.7413675667599 406.2455579630591 134.3262578493483 278.46475473515125 
303.4031601483806 389.12820668080855 51.27531202233116 273.14362346408905 440.2469940965956 
331.0968625990716 371.93102007903383 308.95460542894966 249.30566806386193 140.73445182548153 
28.60366526803633 185.36201744869834 249.57703174552947 45.770450525884755 148.89235874003015 
183.8836464470326 246.37208789579938 439.4605515486445 247.50840761711564 323.86372218295384 
328.1370722362187 391.6513673940902 58.36968132826664 93.4778631604817 182.8435860903841 
283.12396999515335 203.0598062930656 589.5635782540708 205.04016143935482 371.8099627220462 
441.7456815245052 349.8704005597836 214.65936452389042 449.4739163694628 402.6474447462982 
311.32300802101264 158.67391156532702 497.45578854323765 36.154323480965594 477.89141180915243 
116.6956926248332 600.0671716159856 189.6802101314981 431.6617502922988 81.61143198271907 
324.2351630122437 249.352793373867 370.70156840669927 136.34868883255763 323.98745712348034 
144.62993736168414 107.31324096343766 597.8659579642315 78.37255543150437 361.93698459809247 
210.26935264985207 49.46076645564331 221.4087611958634 363.41891090465145 24.623778194786453 
