52.465611399007116 414.59113825850835 357.0377822613686 493.255496745499 502.6479733282539 
221.17229412228454 249.9568139065047 422.3047090851956 245.1329415052007 214.6663695266192 
507.14504070347243 92.8056372413199 390.17113424744747 312.74621158247635 301.90203318148747 
348.6865376138383 189.47301705155206 492.02986550800387 301.3396583777453 480.21129138049685 
495.62107704504973 375.3079985471609 393.2654689014279 260.5628265403772 467.8502793696271 
186.7216371058783 222.911061880926 179.47854042855616 432.4001390243952 14.3435343365541 
10.208574616481272 375.8908434236051 430.6413635812422 444.6162190434267 243.31841111729184 
396.52597623463413 113.18042637824365 258.0998084463381 469.1112508612864 32.414210313747745 
263.14485051446417 500.98283311581537 26.30754199002937 110.26447574719622 356.85270853845174 
371.8091007376289 191.97768301386358 240.65673106205642 195.06916658253326 487.87369428285405 
337.1058009418202 150.00498891656727 263.05338039482416 220.74140318778427 311.92043049424046 
348.24427113275806 102.59870240622364 415.34044097585513 406.6951923024438 509.1945299740766 
104.2695557130811 432.084893212248 358.7224879060338 65.55474579671888 253.0378707828697 
76.47869334397843 501.16352179372393 145.48022680149725 485.52231037839346 105.65455914026738 
274.477560264856 102.6963172896585 442.0334802563774 126.30073571477334 446.1337559839442 
17.10158857826171 21.62804193687206 323.4289219651305 509.3084815330309 167.81367054975476 
273.3751150891273 84.43630464246581 356.27144495483225 105.61080916722942 282.0379044568189 
207.9149390505997 447.16366097662024 76.72234890818717 331.37368927383153 11.661560775086556 
319.87031621453053 174.92120682184463 253.2554565454806 279.34095940838034 411.6917920380482 
223.8713695247471 495.81808145308736 110.25608435295813 288.5159318231344 16.683856094038767 
68.83236978440186 361.6778683823668 502.1945517781339 164.63380191883908 149.50996623062733 
498.1881141306678 421.82756146770106 431.992274107136 256.94229071563706 287.48832115682734 
509.65751813023843 58.925559190323206 28.376696587943663 407.12782483156025 137.2780814969234 
199.4152766777617 255.53281540062565 151.60412841846227 162.85914477904504 226.15233114968336 
464.16236779144754 54.288766069329746 115.09208245469281 279.3579111544965 445.0555579252812 
363.6316935894981 454.5579464008738 61.48455877468211 269.6969771084865 438.09739195619665 
508.22203237565 504.75056655611303 448.7744506870338 249.28572142394543 297.75769682514493 
63.46062508214816 16.743683057510385 307.6907819805053 107.40264112904468 508.06616042655844 
450.65201196821516 450.5508589656023 262.05086735969974 222.91810222741137 456.42425732464244 
56.24243766974456 211.2832581728403 134.6655327918424 280.8138974454626 374.6716525727054 
